 32,1,1,0,0,
 65,2,5,0,8,10,6,6,11,13,6,6,1,1,
 66,2,5,0,8,10,6,6,11,13,6,6,5,7,
 67,2,5,0,8,10,6,1,6,0,6,3,5,7,
 68,2,5,0,8,10,6,6,6,6,6,6,5,7,
 69,2,5,0,8,4,6,0,11,0,6,0,5,4,
 70,2,5,0,8,4,6,0,11,0,6,0,6,0,
 71,2,5,0,8,10,6,0,6,10,6,6,5,7,
 72,2,5,0,3,3,6,6,11,13,6,6,1,1,
 73,1,5,0,3,6,6,6,1,
 74,2,5,2,10,0,6,0,6,3,6,5,7,
 75,2,5,0,3,0,6,3,11,13,6,6,1,1,
 76,2,5,0,3,0,6,0,6,0,6,0,5,4,
 77,3,5,0,8,14,10,6,6,6,6,6,6,6,1,6,1,0,1,
 78,2,5,0,8,10,6,6,6,6,6,6,1,1,
 79,2,5,0,8,10,6,6,6,6,6,6,5,7,
 80,2,5,0,8,10,6,6,11,7,6,0,1,0,
 81,2,5,0,8,10,6,6,6,6,6,6,5,13,
 82,3,3,0,8,9,10,6,0,6,11,14,7,6,5,10,1,0,1,
 83,2,5,0,8,10,6,1,5,10,3,6,5,7,
 84,3,5,0,2,14,4,0,6,0,0,6,0,0,6,0,0,1,0,
 85,2,5,0,3,3,6,6,6,6,6,6,5,7,
 86,3,5,0,3,0,3,6,0,6,5,10,6,0,6,6,0,5,7,
 87,3,5,0,3,0,3,6,3,6,6,6,6,6,6,6,5,12,7,
 88,3,5,2,3,0,3,5,14,7,0,6,0,8,12,10,1,0,1,
 89,2,5,0,3,3,6,6,5,13,3,6,5,7,
 90,2,5,0,2,10,0,6,8,7,6,0,5,4,
 97,2,3,2,4,10,8,13,5,7,
 98,2,5,0,1,0,6,0,11,10,6,6,5,7,
 99,2,3,2 8,2,6,0,5,2,
100,2,5,0,0,1,0,6,8,13,6,6,5,7,
101,2,3,2,8,10,11,7,5,4,
102,1,5,2,8,6,11,6,3,
103,2,5,2,8,10,6,6,5,13,8,13,5,7,
104,2,3,0,3,0,6,0,11,10,6,6,1,1,
105,1,5,0,3,1,3,6,1,
106,1,5,2,10,6,6,6,1,
107,2,5,0,3,0,6,0,6,3,11,13,1,1,
108,1,5,0,3,6,6,6,5,
109,3,3,2,8,14,10,6,1,6,3,0,3,
110,2,3,2,11,10,6,6,1,1,
111,2,3,2,8,10,6,6,5,7,
112,2,5,2,8,10,6,6,11,7,6,0,1,0,
113,2,5,2,8,10,6,6,5,13,0,6,0,1,
114,2,3,2,11,4,6,0,1,0,
115,2,3,2,8,4,6,0,1,0,
116,1,5,0,3,6,11,6,5,
117,2,3,2,3,3,6,6,5,7,
118,2,3,2,3,3,6,6,5,13,
119,3,3,2,3,0,3,6,3,6,5,12,7,
120,3,3,2,2,14,4,0,6,0,2,12,4,
121,2,5,2,3,3,6,6,5,13,0,6,2,7,
122,2,3,2,2,10,8,7,5,4,
